-
100 5 10
40 25 50 20 50 20 70 10 12 50 9 70 49 30 38 25 27 50 19 70
-
100 5 15
100 88 47 7 96 58 17 42 66 51 55 11 84 67 70 33 77 62 99 5 69 73 91 29 94 2 97 65 41 98
-
100 5 20
24 80 98 14 5 4 86 44 15 84 68 51 25 55 69 96 59 43 54 63 71 3 61 6 13 10 48 66 8 79 30 88 97 75 19 35 53 57 26 20
-
100 5 25
21 33 83 54 65 27 23 52 74 13 85 10 50 89 97 71 29 56 29 56 68 80 11 78 8 36 3 15 97 95 65 12 1 17 95 35 40 54 56 94 75 45 55 1 23 2 44 91 23 72
-
100 5 30
77 45 83 31 17 77 45 16 78 67 43 98 20 61 75 78 69 65 78 2 41 62 39 61 13 82 65 80 1 84 44 66 74 75 95 27 46 24 71 99 88 32 54 60 56 2 54 89 100 32 4 97 77 12 61 15 32 85 69 50
-
100 5 35
23 87 77 52 98 17 34 34 86 48 90 18 81 97 87 46 7 67 39 24 5 86 22 89 21 53 58 1 30 53 13 85 29 22 60 38 50 28 52 90 48 69 94 41 96 90 8 29 16 9 68 58 6 23 84 33 4 44 1 34 57 32 13 83 96 18 80 26 53 66
-
100 5 40
58 3 78 27 57 14 81 99 82 97 61 98 54 39 76 53 54 22 31 56 41 100 81 61 68 66 9 13 83 41 55 97 85 99 67 18 47 59 48 32 83 20 89 45 9 2 40 81 81 22 41 23 83 55 30 87 87 52 71 5 25 77 75 38 100 17 45 78 80 4 65 50 73 71 34 16 97 85 9 48
-
100 5 45
63 34 10 25 29 40 44 65 78 14 73 96 15 8 69 6 98 21 26 17 31 14 37 66 96 89 63 36 55 100 7 99 13 46 83 56 83 28 35 8 76 51 93 92 93 61 53 94 16 84 66 37 77 6 15 82 76 20 81 64 51 67 69 79 26 66 53 98 95 7 54 71 65 53 80 47 88 87 37 88 20 54 49 41 17 21 22 26 79 35
-
100 5 50
95 46 12 42 91 54 95 94 88 89 85 89 6 41 3 7 7 38 15 53 42 83 2 59 23 89 17 27 23 25 35 68 52 24 22 24 27 53 78 23 95 60 74 46 84 55 85 20 12 57 12 47 73 55 12 68 76 70 62 22 63 4 32 74 59 89 9 14 83 24 11 72 17 49 2 94 9 41 98 97 61 14 14 35 11 95 3 56 56 65 9 23 94 23 34 42 83 31 15 26
-
100 5 55
61 18 58 68 71 53 56 95 97 83 97 41 6 74 52 66 77 5 16 9 24 86 15 85 64 23 65 98 75 50 2 46 71 33 14 62 41 1 89 50 74 44 97 51 77 76 30 36 20 100 35 20 88 22 18 60 96 24 41 46 99 2 62 58 56 85 43 61 100 54 15 5 87 69 97 40 37 78 91 44 5 78 92 87 51 68 47 18 21 79 97 8 17 61 43 22 25 67 94 23 89 74 82 83 40 49 67 65 76 50
-
100 5 60
5 93 31 96 69 88 14 3 41 64 55 43 44 13 90 45 53 86 1 56 9 15 81 32 70 42 63 87 16 14 96 100 60 44 24 31 48 97 81 7 90 21 9 74 87 65 70 14 14 100 45 15 38 49 32 19 34 51 45 14 81 75 42 46 27 72 62 44 58 53 68 32 42 80 56 29 94 68 60 24 86 75 79 3 82 14 5 7 51 16 25 73 49 63 38 14 2 50 61 36 30 89 31 100 87 24 83 24 13 42 64 21 3 97 27 64 40 31 43 16
-
100 5 65
6 7 54 65 69 28 47 41 73 61 89 57 29 5 99 56 39 73 95 10 37 64 61 39 48 19 36 84 90 66 34 31 58 87 44 74 23 83 99 16 31 86 97 67 29 66 52 40 100 94 44 95 18 54 92 6 31 94 30 86 71 46 38 56 29 33 16 59 12 27 69 63 70 21 47 34 83 54 55 12 72 51 62 29 1 3 71 77 20 84 77 85 71 42 61 3 4 29 56 50 35 36 77 26 8 86 91 58 27 6 27 80 40 67 33 31 90 56 58 40 82 85 79 65 13 27 35 84 73 68
-
100 5 70
46 78 43 38 54 92 36 27 45 8 21 14 74 87 93 90 10 43 41 74 74 42 59 51 97 5 76 8 55 80 54 42 2 77 79 54 36 24 38 38 57 60 80 72 97 43 78 76 70 63 84 69 42 17 25 94 100 49 5 44 18 37 5 75 61 16 62 18 1 34 82 42 33 26 5 83 24 52 3 65 78 33 52 46 40 41 66 85 90 93 44 7 76 51 78 70 65 29 32 100 94 6 71 41 18 45 11 8 43 17 8 9 52 5 30 44 45 4 81 35 42 9 24 57 22 59 18 67 64 38 35 50 87 32 28 32 100 48 40 48
-
100 5 75
97 71 98 46 63 64 39 2 90 52 22 81 12 40 2 44 9 75 19 46 21 96 85 66 77 65 63 79 26 19 100 69 46 96 17 56 53 87 66 63 91 98 65 28 20 72 13 83 12 78 93 83 31 93 81 28 85 24 50 76 51 18 99 65 48 20 11 87 76 40 100 81 78 77 91 24 18 80 87 46 50 61 35 24 18 8 77 85 94 15 89 15 39 43 71 7 42 78 51 85 39 30 36 38 74 82 63 69 90 51 5 28 9 96 29 11 31 65 6 67 38 32 56 97 41 99 61 66 18 88 95 25 56 73 39 36 4 71 43 64 55 55 82 27 37 45 11 100 58 92
-
100 5 80
37 55 9 76 81 92 72 93 12 41 1 54 76 53 2 44 69 74 78 48 55 98 62 48 48 41 30 72 45 25 46 3 99 63 29 18 38 63 22 17 25 16 24 76 44 84 49 84 11 44 96 16 30 25 46 67 57 15 94 2 69 62 51 13 100 53 52 5 64 91 49 15 21 34 9 46 33 39 84 38 15 2 58 21 55 2 75 81 86 51 47 53 83 100 34 55 50 100 99 66 45 77 81 28 89 54 35 4 39 58 2 82 23 71 9 21 56 63 76 21 89 33 43 20 47 100 87 25 7 89 74 81 57 78 27 20 54 12 43 25 24 30 47 6 56 6 33 2 56 72 44 94 12 42 81 75 30 85 40 86
-
100 5 85
18 74 5 32 38 19 79 48 20 31 54 43 79 100 26 19 73 56 100 56 21 53 91 65 10 6 12 59 63 25 22 46 5 51 56 33 34 59 82 10 48 74 90 78 100 95 71 9 86 7 94 65 34 26 24 65 26 44 75 73 73 10 61 99 18 50 80 13 50 86 25 94 57 6 19 73 73 52 74 40 1 94 8 7 47 9 2 47 26 8 74 4 40 56 19 47 45 75 73 85 96 34 68 15 99 83 68 76 36 86 96 88 87 23 100 48 76 44 12 2 87 71 9 26 51 89 92 56 57 83 60 59 47 81 46 53 17 82 87 81 35 22 29 3 72 53 10 52 14 67 78 75 52 78 97 54 76 82 87 72 99 61 67 13 59 16 49 89 1 9
-
100 5 90
64 69 53 71 48 59 62 27 86 87 76 3 1 3 64 92 4 19 78 60 62 36 26 87 12 86 46 24 20 46 66 78 28 54 51 45 44 92 77 83 48 100 91 44 29 27 41 9 65 9 42 16 75 35 46 58 60 31 59 32 70 3 35 94 69 34 47 87 15 18 42 65 40 65 85 87 1 28 85 55 91 68 68 31 28 62 60 56 37 66 66 47 44 56 88 14 36 38 80 92 39 58 80 6 4 2 46 72 9 82 20 42 88 14 91 45 54 75 54 7 34 20 81 19 97 62 14 34 41 29 84 42 87 100 98 25 92 84 45 15 38 91 10 7 25 65 93 15 38 10 49 72 41 46 54 90 78 20 3 35 79 22 30 75 95 10 16 53 49 83 13 97 47 3 57 31 25 32 89 91
-
100 5 95
37 60 38 6 67 46 55 80 2 79 30 40 31 49 69 45 6 50 48 55 72 65 7 61 66 67 72 21 3 88 36 49 47 45 7 89 31 24 52 61 43 6 10 9 87 53 11 56 81 65 9 94 83 91 7 25 49 56 1 29 5 87 67 71 93 76 36 88 99 39 73 9 38 24 9 86 18 59 35 15 94 6 18 41 51 56 18 7 9 16 52 10 88 15 32 92 57 25 15 55 60 59 86 57 82 75 16 58 59 65 48 21 2 39 29 54 30 11 42 9 91 52 33 17 35 23 65 60 26 100 12 29 79 74 47 94 25 33 59 55 68 48 52 44 75 56 94 91 45 15 32 31 84 46 87 9 9 21 2 17 17 87 16 15 29 14 48 84 70 64 86 36 56 12 32 70 60 76 47 99 68 28 49 45 80 61 70 18 88 98
-
100 5 100
68 58 50 51 87 40 20 85 65 18 75 26 99 49 87 64 82 29 35 48 70 67 42 41 36 54 58 81 5 100 97 94 16 2 94 41 4 6 2 11 93 69 86 38 70 54 83 98 37 44 31 44 23 53 64 98 84 95 87 5 54 53 34 75 70 28 22 49 72 27 86 50 92 99 14 18 54 7 6 58 47 4 7 29 93 100 23 49 11 34 57 56 64 71 15 75 43 26 42 86 68 39 57 80 4 88 62 11 12 23 98 60 12 24 69 69 84 46 38 36 94 81 49 73 52 27 23 4 100 57 43 8 88 35 94 28 92 87 11 39 79 64 91 37 72 87 87 24 23 36 47 97 60 61 70 35 57 33 44 23 35 41 17 52 38 54 64 18 4 82 56 3 99 60 18 3 75 29 7 38 89 76 95 66 71 13 95 1 52 14 78 17 72 17 75 59 82 91 86 22
-
100 5 110
56 94 60 10 83 60 73 26 90 11 82 96 85 73 14 44 97 51 53 14 28 83 43 41 36 32 41 62 70 71 16 15 91 75 5 67 99 49 39 52 7 8 63 34 35 79 33 10 51 96 93 54 79 2 44 59 92 19 35 28 56 70 76 79 22 14 4 75 70 1 91 76 25 22 95 72 40 59 44 90 72 99 11 75 11 76 43 33 50 77 92 36 3 65 40 19 62 16 56 46 53 31 22 10 3 63 73 66 26 81 11 14 30 39 81 39 33 99 16 69 15 6 68 66 85 61 27 48 35 88 75 87 29 56 25 42 46 69 15 58 64 33 58 12 95 2 33 82 53 36 61 99 23 20 48 31 61 20 73 94 77 18 61 25 65 34 64 91 41 7 86 13 65 59 6 61 66 34 95 89 85 3 63 15 39 29 5 76 69 51 91 45 5 79 50 78 27 37 85 16 5 65 79 44 47 76 12 11 91 87 38 18 36 2 70 55 53 65 77 30
-