10 Moves
0, 2, 4, 1, 5, 3, 7, 8, 6
0, 4, 1, 2, 5, 3, 7, 8, 6
1, 5, 2, 4, 6, 8, 0, 7, 3
-

11 Moves
4, 0, 5, 3, 1, 2, 7, 8, 6
1, 3, 5, 8, 2, 6, 4, 0, 7
2, 5, 3, 7, 6, 0, 1, 4, 8
-

12 Moves
4, 1, 0, 3, 2, 5, 7, 8, 6
1, 2, 3, 0, 7, 6, 8, 5, 4
4, 1, 3, 7, 2, 8, 6, 5, 0
-

13 Moves
1, 2 ,5, 6, 3, 0, 4, 7, 8
2, 3, 5, 1, 7, 6, 8, 0, 4
5, 3, 6, 2, 7, 1, 4, 0, 8
-

14 Moves
3, 1, 5, 2, 0, 8, 4, 7 ,6
8, 1, 3, 4, 2, 7, 0, 6, 5
0, 5, 3, 2, 4, 1, 7, 8, 6
-

15 Moves
1, 2 ,3, 5, 6, 4, 7, 0, 8
4, 2, 3, 5, 1, 0, 6, 7, 8
1, 2, 3 ,8, 5, 0, 6, 4, 7